Quantidade de Apostas: 20
Quantidade de Participantes: 1
Valor Total das Apostas: R$ 120.00
Valor Total por Participantes: R$ 120.00
Valor Do Prêmio: R$ 1000000000.00
Valor Do Prêmio por Participante: R$ 1000000000.00

Apostas: [ 
 [10,25,34,35,38,46], 
[1,12,18,21,24,40], 
[10,12,21,29,34,46], 
[8,12,21,24,29,40], 
[11,19,25,33,45,46], 
[7,22,35,42,49,59], 
[2,11,23,40,49,51], 
[1,9,20,42,56,60], 
[13,25,44,50,58,59], 
[30,35,37,46,57,60], 
[1,2,8,16,33,49], 
[11,13,25,26,33,55], 
[8,13,18,39,52,56], 
[9,17,18,47,52,57], 
[10,11,32,43,50,52], 
[11,13,17,24,33,60], 
[22,31,34,36,47,49], 
[9,16,28,36,58,59], 
[2,5,8,28,40,44], 
[17,21,30,31,53,57]
];