Quantidade de Apostas: 100
Quantidade de Participantes: 5
Valor Total das Apostas: R$ 500.0

Valor Do Prêmio: R$ 550000000
Valor Do Prêmio por Participante: R$ 110000000

Apostas: [ 
35,12,55,59,2,28], 
[21,55,26,15,22,3], 
[21,26,55,10,53,5], 
[10,53,5,30,34,37], 
[10,53,5,30,34,23], 
[6,8,26,39,34,49], 
[21,26,55,10,53,34], 
[10,53,37,5,11,34], 
[15,57,16,2,60,29], 
[16,2,3,22,7,46], 
[6,51,4,14,57,36], 
[21,15,55,47,22,26], 
[15,21,55,47,26,12], 
[10,53,35,11,30,38], 
[10,53,35,38,11,44], 
[15,21,55,47,3,26], 
[10,35,53,37,11,38], 
[15,55,21,10,35,37], 
[4,53,29,21,42,34], 
[31,47,15,10,35,11], 
[15,47,51,10,35,38], 
[2,1,9,55,38,35], 
[15,24,18,38,10,35], 
[21,24,15,41,10,35], 
[21,24,18,32,38,10], 
[24,15,21,10,32,38], 
[15,19,24,14,32,10], 
[48,37,24,3,7,56], 
[1,2,3,4,5,6], 
[22,35,16,9,57,49], 
[52,57,32,45,25,34], 
[38,52,10,26,13,3], 
[49,13,8,7,47,19], 
[10,27,13,36,23,51], 
[30,38,53,23,48,51], 
[44,50,58,1,43,52], 
[15,37,50,1,25,9], 
[34,49,51,2,39,7], 
[12,39,46,20,60,36], 
[7,15,32,33,34,14], 
[34,9,35,20,26,53], 
[5,41,33,9,24,38], 
[19,6,55,39,53,27], 
[12,20,5,13,50,49], 
[50,35,8,54,22,29], 
[11,44,57,30,23,36], 
[54,31,38,8,16,59], 
[13,59,56,19,14,35], 
[47,19,38,25,11,21], 
[1,52,2,28,32,8], 
[35,14,31,26,27,43], 
[17,49,45,1,26,21], 
[19,2,4,3,40,21], 
[34,5,49,10,36,4], 
[56,26,34,55,22,19], 
[42,54,15,20,55,58], 
[56,33,48,38,10,12], 
[38,45,24,55,6,13], 
[38,30,17,34,58,12], 
[4,58,54,52,48,46], 
[37,28,59,23,44,15], 
[5,54,53,57,41,20], 
[3,34,20,53,43,11], 
[35,7,10,2,1,40], 
[41,50,9,30,23,48], 
[57,22,28,37,52,18], 
[39,12,55,10,7,30], 
[59,23,52,50,32,49], 
[53,10,27,30,42,25], 
[57,15,26,12,45,41], 
[38,4,59,57,44,54], 
[49,31,3,52,55,12], 
[30,55,12,10,53,16], 
[57,40,22,11,54,20], 
[49,2,46,40,16,28], 
[16,53,46,51,26,6], 
[60,37,20,4,52,10], 
[29,17,53,38,47,22], 
[45,8,22,21,58,26], 
[56,2,7,12,14,20], 
[7,4,6,16,48,52], 
[2,28,53,9,47,56], 
[36,9,58,1,19,4], 
[52,5,58,42,59,6], 
[17,23,60,15,22,50], 
[12,36,28,58,22,40], 
[55,8,31,33,21,48], 
[37,27,43,56,21,45], 
[26,24,27,47,55,9], 
[24,30,10,23,18,58], 
[35,18,1,59,50,42], 
[14,58,48,3,8,46], 
[37,31,24,16,8,55], 
[31,2,32,46,35,9], 
[58,4,16,52,28,5], 
[53,40,5,41,22,15], 
[31,4,6,29,54,52], 
[6,31,22,60,5,54], 
[38,58,30,27,49,33], 
[23,60,41,46,53,16] 

